UUNITS = MILS
C4                   546.00        1209.00        0    0201                
C5                   485.00        1210.00      180    0201                
D1                   850.00         131.50       90    D-SOD123-S1         
C27                  470.00        1061.85      180    0201                
C39                  882.20         760.00      180    0402                
C41                  720.00        1510.00      180    0603                
J1                   276.85         930.55      270    HD1X18              
J2                   1710.00        930.55      270    HD1X18              
J7                   1460.00        790.00       90    HD2X5               
R10                  1272.20        640.00      270    0402                
R14                  810.00        1743.00      180    0402                
R22                  941.00        1289.00        0    0402                
R11                  860.00        1510.00        0    0402                
R7                   880.00         281.50        0    0402                
R12                  740.00        1360.00        0    0402                
R13                  860.00        1360.00        0    0402                
R15                  1214.00       1340.00       90    0603                
R16                  902.20         610.00        0    0201                
R17                  902.20         580.00        0    0201                
R18                  902.20         550.00        0    0201                
R19                  902.20         520.00        0    0201                
R20                  902.20         660.00        0    0201                
R21                  1011.00        800.00        0    0201                
R8                   1250.00        840.00      180    0402                
R3                   1085.00       1353.00       90    0402                
TP1                  991.00        1235.00        0    TP_SMD35R           
TP10                 1051.00       1238.00        0    TP_SMD35R           
TP11                 993.00        1975.00        0    TP_SMD35R           
TP12                 890.00        1740.00        0    TP_SMD35R           
TP13                 1106.00       1241.00        0    TP_SMD35R           
TP14                 1234.00       1236.00        0    TP_SMD35R           
TP15                 1582.00       1719.00        0    TP_SMD35R           
TP2                  890.00        1690.00        0    TP_SMD35R           
TP3                  1510.00       1404.00        0    TP_SMD35R           
TP4                  1366.00       1246.00        0    TP_SMD35R           
TP5                  1297.00       1835.00        0    TP_SMD35R           
TP6                  1355.00       1837.00        0    TP_SMD35R           
TP7                  1511.00       1349.00        0    TP_SMD35R           
TP8                  1103.00       1906.00        0    TP_SMD35R           
TP9                  1049.00       1976.00        0    TP_SMD35R           
BT1                  630.00         237.56      180    HDR1X2X2MM_S2B-PH-K-S
C1                   470.00         911.85      270    0402                
C12                  897.00        1826.00      180    0402                
C17                  1486.00       1646.00        0    0402                
C2                   445.00         828.85      180    0402                
C35                  1200.00        430.00        0    0402                
C10                  635.00        1221.00       90    0201                
C13                  1410.00       1730.00       90    0201                
C14                  1124.00       1963.00       90    0201                
C42                  810.00        1690.00      180    0402                
C11                  860.00        1460.00      180    0402                
C15                  670.00        1221.85       90    0201                
C16                  1033.00       1353.00      270    0402                
C19                  1274.00       1349.00      270    0402                
C22                  760.00         821.85        0    0402                
C9                   860.00        1410.00      180    0402                
C18                  1225.00       1434.00      270    0201                
C24                  840.00        1141.85       90    0201                
C28                  1418.00       1520.00       90    0201                
C3                   470.00        1101.85      180    0201                
C31                  1410.00       1670.00       90    0201                
C32                  843.00        1036.00       90    0201                
C34                  955.00         250.00      270    0201                
C6                   546.00         819.85      270    0201                
C7                   1418.00       1460.00      270    0201                
C20                  1220.00       1907.00      135    0402                
C21                  1338.00       2028.00      135    0402                
C38                  882.20         820.00      180    0603                
C23                  1348.00       1341.00      270    0603                
C8                   805.00        1600.00      270    0603                
C25                  1410.00       1850.00       90    0201                
C26                  1410.00       1790.00      270    0201                
C40                  882.20         710.00      180    0402                
C29                  1492.00       1476.00        0    0402                
C30                  1486.00       1699.00        0    0402                
C33                  1040.00        231.50      180    0201                
C37                  1272.20        560.00        0    0201                
C36                  690.00        1700.00       90    0402                
CHIP_ANTENNA1        1690.00       2088.60        0    RFANT3216120A5T     
L1                   875.00        1600.00      270    0603                
L2                   1491.00       1527.00        0    0402                
L3                   1491.00       1588.00      180    0603                
L4                   1296.00       1948.00      225    0402                
M1                   829.00        1994.00        0    SFH_7050            
M2                   1297.00       1231.00      180    LED-UHD1110-FKA     
R1                   1264.00       1153.00      180    0201                
R9                   1008.00        361.00      180    0201                
R23                  581.00         820.00       90    0201                
R24                  613.00         820.00       90    0201                
R2                   991.00        1371.00       90    0201                
R4                   750.00        1221.85       90    0201                
R5                   710.00        1221.85      270    0201                
R6                   1071.00        937.00       90    0201                
SW1                  460.00         550.00       90    TSW4-KMR221GLFS     
SW2                  690.00         550.00       90    TSW4-KMR221GLFS     
U1                   664.00        1013.85       90    AQFN73_7X7MM_P5MM_EP
U2                   1160.00       1630.00       90    LGA96_6P8X9P5MM_P65MM_EP
U3                   1190.00        950.00      270    SOT23-5             
U4                   1082.20        610.00      270    QFN33-050-0505      
Y1                   513.00        1311.85      180    XTAL_2MMX1P6MM      
Y2                   1500.00       1830.00       90    XTAL_2MMX1P6MM      
D2                   878.50         350.00      180    SOD923              
D3                   878.50         410.00      180    SOD923              
J4                   1140.00         48.58        0    USB_MICRO-B         
J6                   530.00        1670.00       90    CNC_3220-10-0100-00 
L5                   1030.00        281.50      180    0402                
LED1                 1174.00       1165.00      180    SML-P12-P13X        
LED2                 978.50         410.00      180    SML-P12-P13X        
